,Mean,MSE OLS,SE OLS,Alpha OLS,Mean KNN_1,MSE KNN_1,SE KNN_1,Alpha KNN_1,Mean KNN_3,MSE KNN_3,SE KNN_3,Alpha KNN_3,Mean KNN_5,MSE KNN_5,SE KNN_5,Alpha KNN_5
0.1,1333.7945954553918,134219.669661144,22.95130563493516,1.0,1328.9041213583816,144725.95852297818,23.314618958372705,1.0,1330.5125450899163,101799.43112669532,23.15299768824323,1.0,1329.3032555761076,101453.57620992951,23.130188231826853,1.0
0.2,1333.7882851220431,133642.51938272905,22.681143081845985,1.0,1324.533729576108,148937.27787363363,23.35997857690268,1.0,1327.8986245183046,102555.77356422303,23.04036424124083,1.0,1325.812602903661,101634.17551645625,23.0011566253943,1.0
0.30000000000000004,1333.8184413564293,133538.39544297836,22.39197373605194,1.0,1320.614481078998,150109.55951767892,23.37335358659731,0.996,1325.3447395761077,102773.39616442418,22.91184667472792,1.0,1321.9472909267822,102668.8213340286,22.830638503313683,1.0
0.4,1334.045514575075,133891.56664257878,22.131181391720734,1.0,1318.347608689788,150563.49354892093,23.365886384113328,0.995,1323.3731483044317,104724.10085680184,22.77505074751427,1.0,1319.3364054258188,104091.24626196017,22.6407420755895,0.998
0.5,1333.7562821231259,133625.11129475356,21.84225121556344,1.0,1317.057000953757,150984.8016711532,23.35722152364743,0.962,1320.6753927071293,107335.59127243627,22.609230025953547,0.994,1316.6020019826592,106478.69073745473,22.425438550229615,0.993
0.6,1333.6635357487676,134098.6510955224,21.520219990216713,0.998,1315.2245359344895,153330.75235466182,23.26521487291254,0.909,1318.7810370745021,111619.44145551503,22.409946013385014,0.977,1316.4434616146434,110837.24150500253,22.19479308875276,0.971
0.7000000000000001,1332.6131787830225,134795.99131802793,21.247512355617744,0.981,1315.451176069364,157534.7447965272,23.16520972030245,0.875,1318.109197928709,118288.13852706006,22.171093582871773,0.936,1319.605801175337,118169.83934625352,21.94692437962318,0.944
0.8,1333.9204265548717,136085.76269023377,21.02221361044963,0.918,1316.3504864836223,165664.5217957311,23.05740265072641,0.805,1321.4114435228003,129788.42757565215,21.902742749857865,0.881,1327.0020920982658,131910.95004562236,21.49503722250199,0.902
0.9,,,,,1319.6375076878614,198371.57557637084,22.949348998102817,0.665,1323.1642784810533,163663.5230367559,21.11520517960421,0.691,1315.8732562697494,168944.30790177555,19.799125395902916,0.599
