,Mean,MSE OLS,SE OLS,Alpha OLS,Mean KNN_1,MSE KNN_1,SE KNN_1,Alpha KNN_1,Mean KNN_3,MSE KNN_3,SE KNN_3,Alpha KNN_3,Mean KNN_5,MSE KNN_5,SE KNN_5,Alpha KNN_5
0.1,1333.738312287549,249659.11034272957,22.71299985173248,1.0,1328.565937090559,238540.9634298961,23.234546626395833,1.0,1331.9884770199103,185534.51163801193,23.03859976357113,1.0,1331.2058390404625,182299.99682080297,22.980003208622744,1.0
0.2,1334.1106959744598,251713.28724812376,22.193939198052984,1.0,1324.6037597302507,247473.60677885133,23.27501381521119,1.0,1331.683843988439,191127.8258809412,22.838786522479232,1.0,1329.9940282427744,186953.86096761603,22.699360655208565,1.0
0.30000000000000004,1333.8508826328862,251872.93095717797,21.63682635440692,1.0,1322.7687202504817,252292.24371752693,23.277822909512768,0.997,1333.128706586384,195965.4616819317,22.584549121668644,1.0,1331.05021927553,190441.27035574877,22.349101669636667,1.0
0.4,1334.3212599595906,250824.79446631152,21.109028793260855,1.0,1322.3497814836226,264128.7753961884,23.337572866857556,0.981,1335.2484934746308,201707.52525365195,22.343164220361416,0.998,1332.8044184662815,195806.32802083934,21.96854092083731,1.0
0.5,1333.3631736084105,251722.1504090702,20.546580504499467,0.994,1325.327379691715,270282.0043649951,23.29451801242739,0.958,1338.4610559569685,208016.48951928676,22.040703098943172,0.993,1336.2997584894026,202917.0941508248,21.548843255363753,0.993
0.6,1335.002160901343,252452.8921211685,19.99766410334678,0.968,1328.9179303179192,282223.4965813919,23.223015401158197,0.926,1342.051067800257,217141.29220939064,21.618068444304605,0.962,1339.6461647938343,215071.8569823413,20.988811009920934,0.964
0.7000000000000001,1335.2631726315556,254255.54444795236,19.46558508998264,0.895,1336.3929793159925,300638.45095888723,23.173542501878888,0.841,1347.978237302505,234263.6785997576,21.11944233415603,0.837,1344.1541233391138,233663.10451628,20.336277544776465,0.869
0.8,1334.5543815432736,257761.1671407392,18.948178598684674,0.756,1343.0452328709057,329708.302285208,23.07559545020437,0.75,1347.3128358831084,259524.50029810864,20.38980063510737,0.735,1338.6755365973027,257045.1852365682,19.309977866159887,0.736
0.9,1335.714672746708,268481.3280304887,18.565886391614512,0.509,1348.4681218015414,384464.1825608943,22.751517377655667,0.54,1331.6844439306358,295682.69117991236,19.05641466972965,0.553,1313.3750493988437,286608.3496896455,17.51262423823857,0.491
