,Mean,MSE OLS,SE OLS,Alpha OLS,Mean KNN_1,MSE KNN_1,SE KNN_1,Alpha KNN_1,Mean KNN_3,MSE KNN_3,SE KNN_3,Alpha KNN_3,Mean KNN_5,MSE KNN_5,SE KNN_5,Alpha KNN_5
0.1,1333.8366713703588,77610.56237112131,23.078249765864086,1.0,1332.3976500770716,93408.96193664699,23.183237615045265,1.0,1330.9711380796405,76197.96878677463,23.04647454711452,1.0,1330.0385861290945,82065.99905367153,22.977208012551223,1.0
0.2,1333.7545165439667,77605.32317837173,22.93443261587765,1.0,1330.197018622351,96971.94026449967,23.119797891342234,1.0,1327.3951084264613,80420.64185718042,22.828852518333143,1.0,1324.841443820809,86875.41297361544,22.687408856717912,1.0
0.30000000000000004,1333.7369069475237,77832.60175803471,22.77453280754044,1.0,1327.6236356069362,103856.78616662507,23.045988602202282,1.0,1323.0641133044317,86857.5688037151,22.571957904972763,1.0,1318.7821755606938,92821.11989247033,22.361129965291987,1.0
0.4,1334.071175903155,78261.72341780544,22.649495576635132,1.0,1324.525762919075,109035.9884818158,22.946233316216677,1.0,1317.6202552825948,92777.38478030429,22.282595508177657,1.0,1311.583210788054,97972.8832969223,22.007975380395816,0.994
0.5,1331.092003701535,1068400.5586721834,23.189299852155223,0.998,1320.1966764836222,117051.70102095192,22.81984056840604,1.0,1310.6963914868336,99626.26478842186,21.945177033677886,0.979,1304.0680223352601,103486.30449839475,21.60695048783688,0.901
0.6,1334.3924398745385,4586875.502512041,25.835867705081604,0.993,1314.5192751830443,128344.2031873739,22.688093363302592,0.97,1301.6944738953114,108812.4517663531,21.57670417376104,0.801,1295.4596433583815,110933.57371356024,21.17470803157944,0.59
0.7000000000000001,1337.4749715878675,25825946.487040155,39.140143474279945,0.977,1306.4757583718688,143866.63692179884,22.46324015602706,0.848,1292.315695867052,119703.57381427466,21.124418037811832,0.491,1287.2507648188825,120506.32608372548,20.614481765288296,0.334
0.8,1308.4786226632823,224613769.77312952,133.80082823626574,0.859,1293.8835955009633,167422.18914859238,22.206274214944802,0.568,1280.5408582016698,136644.85538490443,20.50376894101634,0.281,1277.8031522678225,138506.46408632415,19.753764333757914,0.231
0.9,1340.4226290556041,1691304278.9494169,615.831171173038,0.506,1281.4777282851637,213492.8389406564,21.88430287862405,0.393,1270.655029078356,176444.55551931166,19.233925603405194,0.262,1261.4582822331406,184960.4473347559,17.614518785395248,0.183
