,Mean,MSE OLS,SE OLS,Alpha OLS,Mean KNN_1,MSE KNN_1,SE KNN_1,Alpha KNN_1,Mean KNN_3,MSE KNN_3,SE KNN_3,Alpha KNN_3,Mean KNN_5,MSE KNN_5,SE KNN_5,Alpha KNN_5
0.1,1333.766073641582,264709.8664890373,22.689205401290256,1.0,1327.7229864258188,305194.10625966854,23.180244135948552,1.0,1331.2850945985872,215362.49769643563,23.04118935989897,1.0,1330.0638819171484,203790.12295007688,22.938031876209244,1.0
0.2,1333.8336257772983,264502.7438894009,22.12175579642936,1.0,1321.9252174759151,311026.62239781785,23.14391435495021,1.0,1328.9104888792551,219546.60802136478,22.815243718267862,1.0,1327.1209044161849,207185.8460722863,22.613497893516804,1.0
0.30000000000000004,1334.0321091543888,263997.4538946931,21.55778785738666,1.0,1316.191735105973,313567.4105622217,23.159728725227943,0.922,1329.399059694926,223429.715687261,22.567255965000985,1.0,1326.6295250712908,209420.15638979542,22.267546567311946,1.0
0.4,1334.0604142804361,264999.40243823186,20.95707227332658,0.997,1310.9525737379574,321427.2412199869,23.18758864647391,0.811,1331.7768328291586,226108.76686736892,22.23088182539604,0.985,1327.8564512986513,213109.20108438068,21.856762933156602,0.998
0.5,1334.562956668431,265833.71551441797,20.38715524395664,0.991,1312.010550211946,325459.594133232,23.22297490086464,0.709,1334.8458101605652,230396.60380278275,21.868278560050932,0.953,1330.7283685568405,218402.01672897313,21.39113167666586,0.978
0.6,1334.6454519236686,265906.73692846124,19.78552700534997,0.958,1319.0341489595376,329180.4752165932,23.168113462907183,0.709,1340.4283122157995,237718.9673313039,21.416495560377427,0.87,1335.511722425819,226254.26907936946,20.83588289492143,0.933
0.7000000000000001,1334.0667362832105,267402.1245316733,19.13341507351041,0.873,1326.4341723314064,343338.32587821316,23.13460236818947,0.657,1344.990630488118,248468.8387938611,20.91474183584038,0.781,1339.5420065202313,237430.4911723669,20.243140505075843,0.841
0.8,1333.8462526833648,269939.4992996553,18.56937938083833,0.738,1337.3543973314063,358815.7750733026,22.918459222841236,0.563,1346.008947524085,262770.2577378244,20.28026016626438,0.685,1341.150183337187,252127.75404174966,19.408014788273373,0.731
0.9,,,,,1346.723034768786,398136.6339939201,22.603061607586714,0.432,1333.5410970102762,296208.6244145907,19.078285727474658,0.503,1324.5228291965318,291455.34443847334,17.347879371993553,0.45
