,Mean,MSE OLS,SE OLS,Alpha OLS,Mean KNN_1,MSE KNN_1,SE KNN_1,Alpha KNN_1,Mean KNN_3,MSE KNN_3,SE KNN_3,Alpha KNN_3,Mean KNN_5,MSE KNN_5,SE KNN_5,Alpha KNN_5
0.1,1334.0538349761014,119812.72221757918,22.987323679871427,1.0,1332.5094912813101,117090.80390613918,23.322569976591023,1.0,1332.183591393706,96082.90189396593,23.211185835483025,1.0,1332.2150428188825,95859.25768996871,23.192264284862723,1.0
0.2,1334.2410997936977,120001.19562795234,22.734979823846572,1.0,1330.5888368400772,123137.19960250148,23.420955320118544,1.0,1330.7027433686578,97743.09199095651,23.16369156158884,1.0,1330.625671354528,96665.628993413,23.105776797722932,1.0
0.30000000000000004,1333.8782535526861,120297.22434858298,22.48415045915324,1.0,1330.0248856165701,128274.72543626124,23.524623673982642,1.0,1330.7861151669877,100775.43116508458,23.10972102545719,1.0,1330.077760391137,98684.26263118857,23.00168748477505,1.0
0.4,1334.0099714030196,120525.52311679452,22.22104291712603,1.0,1328.3072215992293,131763.66783938595,23.562603246050774,1.0,1329.9502607803465,102921.45692980847,22.97825842638537,1.0,1328.8191995067436,100669.83970042318,22.81240013989771,1.0
0.5,1333.5620395288988,120670.98730862352,21.95683862061031,1.0,1327.699698468208,135561.11006720128,23.59149339317126,1.0,1330.301813657675,106020.56776302581,22.850428522755333,1.0,1328.8600770635837,103905.38479127854,22.62432463119569,1.0
0.6,1333.5159161647275,121107.76856279146,21.713566844765083,1.0,1327.3933114836223,141813.20675533212,23.560841791451075,0.993,1330.104412771355,110628.17548276325,22.616590997235377,1.0,1329.2348492697497,109117.67466341621,22.32003481222529,0.997
0.7000000000000001,1333.1892656593416,122156.07421948123,21.44630284332239,0.99,1328.4801481117531,150598.46837136958,23.49029467517148,0.963,1330.5897323570969,117265.86352157852,22.321303667323132,0.979,1330.5872385086707,116167.01925064974,21.973261933284967,0.98
0.8,1334.0853450122745,123599.9286682288,21.222433797856464,0.948,1327.5633844026975,165126.96078713422,23.325625429605317,0.89,1329.1236370327554,129252.98812647673,21.92990861771958,0.92,1326.2424187591523,127243.85249257239,21.440953461857656,0.904
0.9,1333.574502720957,128800.54792926794,21.020732423883835,0.78,1327.6887752601156,192975.2458163755,23.040176248847967,0.77,1320.7553659216442,152017.0913828358,21.081044735533148,0.713,1310.1701121290946,152189.85629239772,20.027901797243018,0.626
